175054322 33090087 5 2762485
175054341 53271294 5 4381526
175054400 39007621 5 900024
175054461 5739830 5 3908170
175054462 42354964 5 350106
175054465 39091173 5 350106
175054471 37618473 5 3908170
175054492 44555569 5 339385
175054497 22105775 5 6846888
175054511 41136329 5 2267932
175054525 34684624 5 6161969
175054545 3519277 5 6846888
175054550 12329103 5 3161699
175054563 50808454 5 3474613
175054577 47141291 5 668027
175054603 19580036 5 18891
175054630 9034721 5 4379151
175054645 22343224 5 2395113
175054650 53084806 5 4361355
175054654 9707807 5 5579317
175054705 46444018 5 7886651
175054713 47007680 5 2416687
175054733 53271337 5 10643119
175054766 1289881 5 2221686
175054767 36348020 5 4278198
175054782 48716027 5 31855
175054787 39802631 5 1236013
175054797 32150845 5 3843358
175054811 6442364 5 1212960
175054813 39084491 5 10193958
175054814 45470877 5 10193958
175054835 33948314 5 1011889
175054889 53163241 5 4845566
175054896 40924931 5 4609056
175054912 53271420 5 10643196
175054915 46972225 5 1709142
175054955 13782198 5 1438339
175054965 53271430 5 10155081
175054972 45624638 5 5511918
175054983 38422604 5 3385517
175054988 53271445 5 9155490
175055015 273313 5 1040437
175055024 52339934 5 9155490
175055032 53271463 5 5102990
175055040 8634473 5 7484503
175055046 4646298 5 1611163
175055054 41372921 5 2216975
175055065 25829364 5 2690677
175055076 26753087 5 1555729
175055147 47588531 5 399887
175055149 30967822 5 4021611
175055164 3967515 5 7460038
175055165 11710552 5 6862601
175055168 11511511 5 7460038
175055220 48145547 5 1866389
175055231 101268 5 1225007
175055238 10551981 5 3323419
175055247 4864899 5 1438339
175055294 2600230 5 7898717
175055310 44118002 5 1199267
175055315 21555942 5 1292904
175055318 46668346 5 308153
175055324 9458739 5 251096
175055382 44960944 5 5006273
175055402 747641 5 1657018
175055406 36213275 5 908677
175055432 31577865 5 7134583
175055436 43739709 5 5235380
175055458 51976470 5 5482356
175055511 3476765 5 451621
175055533 37463740 5 1500491
175055550 50255912 5 10508919
175055563 9029526 5 2583913
175055566 448999 5 2583913
175055578 10408482 5 8585776
175055600 15427936 5 870274
175055602 51231689 5 1359058
175055610 9608832 5 5482356
175055623 53270242 5 4107516
175055640 425953 5 8010478
175055642 1115940 5 8010478
175055650 42427346 5 307
175055678 33224088 5 5464266
175055696 38086451 5 2125723
175055703 17376939 5 6461462
175055710 52808848 5 1489249
175055781 38088419 5 7718781
175055816 44689546 5 304209
175055828 41889189 5 3175120
175055880 50419351 5 3605780
175055883 538060 5 10477225
175055916 53268623 5 573034
175055920 50200924 5 6502003
175055959 18080543 5 986533
175055989 888 5 2548887
175056012 52865398 5 8854776
175056064 374041 5 9452360
175056079 3386861 5 5262976
175056103 43767866 5 3357706
175056165 53271535 5 4017932
175056202 31960433 5 2392642
175056210 53257685 5 3900902
175056223 8879375 5 5411817
175056224 46612343 5 1362085
175056270 32979254 5 4639942
175056284 5358021 5 8436767
175056296 40522634 5 404421
175056302 30789890 5 3348804
175056309 19539492 5 3348804
175056320 52263118 5 3746009
175056341 8191299 5 588437
175056343 40824727 5 1103669
175056358 16071864 5 1493426
175056363 53252381 5 1244884
175056375 23719237 5 9244663
175056392 46811490 5 1894719
175056402 21049646 5 3325279
175056417 53270242 5 661519
175056427 5098126 5 287311
175056447 52372863 5 6771167
175056465 20632134 5 10636011
175056466 18148932 5 9365773
175056467 14485368 5 6907969
175056493 48341920 5 244008
175056534 13824962 5 510558
175056547 3430330 5 3400870
175056553 1764859 5 595306
175056570 29337928 5 7735095
175056577 50621813 5 9445800
175056588 46874250 5 2353126
175056600 16920628 5 4083743
175056605 23690662 5 2353126
175056607 5667888 5 2353126
175056608 51033944 5 2812587
175056628 11761506 5 4934640
175056646 44400260 5 9445800
175056665 14637979 5 8122970
175056673 10940736 5 8122970
175056680 33837717 5 7134583
175056726 29721121 5 8033983
175056780 23544282 5 7907706
175056847 12569363 5 363018
175056854 15727420 5 5118968
175056859 50977913 5 8383726
175056864 16956810 5 912903
175056885 34602590 5 7898717
175056904 18755220 5 1028679
175056952 19108279 5 8364112
175056960 53271314 5 9801788
175056978 42669554 5 9445800
175057020 3077866 5 9801788
175057034 11461625 5 3323419
175057074 20239857 5 5118968
175057108 9770658 5 1402079
175057156 10751127 5 1541560
175057188 53271957 5 10643337
175057197 53266878 5 10566798
175057232 34706186 5 7029031
175057238 17535428 5 8381180
175057326 59838 5 10106667
175057345 8701634 5 524695
175057358 41335718 5 10406025
175057379 40205222 5 5484276
175057383 13101555 5 1262357
175057387 48150039 5 9445800
175057424 53271794 5 5931059
175057428 25460660 5 974287
175057429 53229135 5 10553504
175057455 1143262 5 1398282
175057457 16511337 5 6149507
175057477 10901085 5 1262357
175057486 24123257 5 940377
175057487 48236584 5 7735095
175057499 1200694 5 6943565
175057526 49933120 5 9445800
175057540 44991438 5 9950981
175057554 39420136 5 6951273
175057585 53255217 5 7484503
175057625 23454952 5 957549
175057628 3482346 5 9445800
175057679 3886183 5 599213
175057690 5961084 5 8364112
175057696 35387327 5 9445800
175057729 4350678 5 1010610
175057754 24199884 5 9528496
175057777 40247792 5 7735095
175057778 18518222 5 9445800
175057815 1072662 5 6759194
175057846 32723111 5 1555729
175057863 42367538 5 2130541
175057865 53271905 5 10601188
175057879 53270876 5 171318
175057884 30840526 5 2715384
175057902 22603025 5 8375400
175057904 52495517 5 1359668
175057913 21835116 5 6393321
175057931 53271241 5 90506
175057939 12747722 5 2683639
175057949 8850142 5 1306020
175057955 31561238 5 4743483
175057973 19073683 5 1306020
175057984 11110801 5 6759194
175057989 17226284 5 1592821
175057990 13515471 5 1306020
175057997 52095416 5 10034339
175058045 38739950 5 1157944
175058067 39108549 5 2977170
175058076 37937984 5 3821178
175058105 53271632 5 8419797
175058118 35655361 5 10183790
175058129 24309580 5 6759194
175058133 53255496 5 2677672
175058137 21032137 5 557406
175058165 19056309 5 8375400
175058182 16903046 5 4550772
175058184 20010472 5 6492340
175058189 27082601 5 6951273
175058210 8073673 5 5283026
175058213 40458335 5 2353126
175058218 9658957 5 5739535
175058223 37300811 5 8354082
175058231 34909489 5 7651145
175058232 53265153 5 10557335
175058287 291813 5 1179312
175058305 2295461 5 3462321
175058308 53272068 5 4452553
175058323 30604742 5 7083219
175058335 36512852 5 939931
175058352 42926878 5 83763
175058356 24234581 5 5385758
175058358 549 5 7107847
175058391 18614836 5 10609564
175058439 3531060 5 4934640
175058480 6986657 5 9302979
175058497 2219829 5 2287311
175058543 53269402 5 3009636
175058551 39292373 5 10599369
175058565 30228821 5 2484687
175058568 1784664 5 957549
175058581 53272216 5 550094
175058583 2638862 5 3339274
175058666 2963263 5 6558550
175058671 11315340 5 5868442
175058674 953481 5 387648
175058677 13102045 5 10643437
175058680 50901960 5 4688325
175058684 37500225 5 4258880
175058695 39708139 5 1543278
175058708 21232941 5 5868442
175058719 53263216 5 8354233
175058737 20792445 5 1262357
175058744 4410704 5 8112277
175058777 34184562 5 8462692
175058786 40783191 5 1169686
175058790 24640399 5 2690677
175058802 41874426 5 6502003
175058820 45002848 5 3462321
175058838 32637393 5 1271772
175058850 706664 5 714883